40 2 1 2.0000 0.2500 0.5400 2.3103059700429694e+02
40 2 1 2.0000 0.2500 0.5400 2.3729169585516308e+02
40 2 1 2.0000 0.2500 0.5400 8.9713431593109723e+04
40 2 1 2.0000 0.2500 0.5400 8.3186009715750642e+03
40 2 1 2.0000 0.2500 0.5400 4.2410030101944649e+04
97 2 2 1.5000 1.0000 0.1800 1.7526163636225713e+03
97 2 2 1.5000 1.0000 0.1800 9.6922626575447721e+04
97 2 2 1.5000 1.0000 0.1800 5.9646218151998561e+04
97 2 2 1.5000 1.0000 0.1800 1.1569169674743542e+04
97 2 2 1.5000 1.0000 0.1800 9.6865392231268299e+04
135 6 2 1.0000 1.2500 0.0000 2.2282124220046362e+02
135 6 2 1.0000 1.2500 0.0000 1.4758483297138926e+04
135 6 2 1.0000 1.2500 0.0000 1.6781315394926248e+03
135 6 2 1.0000 1.2500 0.0000 1.2832668697145832e+02
135 6 2 1.0000 1.2500 0.0000 2.9676693304352484e+09
2 0 0 1.2500 2.5000 0.9000 1.2342285639195364e+02
2 0 0 1.2500 2.5000 0.9000 1.7042833820690486e+09
2 0 0 1.2500 2.5000 0.9000 5.2123460257051142e+04
2 0 0 1.2500 2.5000 0.9000 1.3777346924286761e+11
2 0 0 1.2500 2.5000 0.9000 1.8838272735574815e+05
78 0 0 0.5000 1.5000 0.3600 3.7443527451536138e+04
78 0 0 0.5000 1.5000 0.3600 2.0214110433509762e+10
78 0 0 0.5000 1.5000 0.3600 2.3433596816440415e+04
78 0 0 0.5000 1.5000 0.3600 2.1736070014041740e+01
78 0 0 0.5000 1.5000 0.3600 1.3784673116127507e+02
200 5 2 2.5000 0.5000 0.6300 1.4538376866046088e+09
200 5 2 2.5000 0.5000 0.6300 6.5065487042046684e+10
200 5 2 2.5000 0.5000 0.6300 7.0150307073248718e+10
200 5 2 2.5000 0.5000 0.6300 8.7491481434153931e+04
200 5 2 2.5000 0.5000 0.6300 2.0637902305766263e+09
21 1 0 0.7500 0.7500 0.7200 6.3937690431540204e+01
21 1 0 0.7500 0.7500 0.7200 3.0674187407524114e+04
21 1 0 0.7500 0.7500 0.7200 1.2799146656136542e+11
21 1 0 0.7500 0.7500 0.7200 5.0542184546940480e+04
21 1 0 0.7500 0.7500 0.7200 1.1127589673818474e+02
59 1 1 1.7500 0.0000 0.2700 7.2230639770880386e+10
59 1 1 1.7500 0.0000 0.2700 8.4932101406197575e+01
59 1 1 1.7500 0.0000 0.2700 1.4617170945728594e+02
59 1 1 1.7500 0.0000 0.2700 9.9762361268749635e+04
59 1 1 1.7500 0.0000 0.2700 4.2001228416780936e+02
116 3 1 0.0000 2.0000 0.4500 2.0417045008640274e+04
116 3 1 0.0000 2.0000 0.4500 1.1876210536789486e+03
116 3 1 0.0000 2.0000 0.4500 1.4169414402332413e+03
116 3 1 0.0000 2.0000 0.4500 2.1676235338796607e+02
116 3 1 0.0000 2.0000 0.4500 1.8866150265594275e+09
154 4 0 0.2500 1.7500 0.0900 3.2609246566330119e+04
154 4 0 0.2500 1.7500 0.0900 8.8465985362243430e+01
154 4 0 0.2500 1.7500 0.0900 2.2424202084060906e+02
154 4 0 0.2500 1.7500 0.0900 1.1182982374048905e+05
154 4 0 0.2500 1.7500 0.0900 3.3766009813224700e+04
59 6 0 1.5000 0.5000 0.4500 2.5025085931367779e+09
59 6 0 1.5000 0.5000 0.4500 2.3210019138033576e+02
59 6 0 1.5000 0.5000 0.4500 3.6555710263198773e+04
59 6 0 1.5000 0.5000 0.4500 9.6766084540425800e+04
59 6 0 1.5000 0.5000 0.4500 2.7377526129862446e+04
59 6 0 1.5000 0.5000 0.8200 2.4548645214419773e+02
59 6 0 1.5000 0.5000 0.8200 8.0848491046397690e+10
59 6 0 1.5000 0.5000 0.8200 9.2089855120399278e+01
59 6 0 1.5000 0.5000 0.8200 1.9978775112033512e+04
59 6 0 1.5000 0.5000 0.8200 1.0075232803644319e+02
59 6 0 1.5000 0.5000 0.8900 4.2247607837193995e+04
59 6 0 1.5000 0.5000 0.8900 1.5581660158849577e+03
59 6 0 1.5000 0.5000 0.8900 2.3254120210346251e+09
59 6 0 1.5000 0.5000 0.8900 7.0423828313888687e+10
59 6 0 1.5000 0.5000 0.8900 3.3634197916778625e+05
59 6 0 1.5000 0.5000 0.3300 1.5737130342273986e+03
59 6 0 1.5000 0.5000 0.3300 8.2867341703685028e+10
59 6 0 1.5000 0.5000 0.3300 1.1900470126991264e+02
59 6 0 1.5000 0.5000 0.3300 1.1680965360267812e+04
59 6 0 1.5000 0.5000 0.3300 1.5120726424102878e+05
59 6 0 1.5000 0.5000 0.0800 8.8509604445958408e+04
59 6 0 1.5000 0.5000 0.0800 2.5417066202550487e+02
59 6 0 1.5000 0.5000 0.0800 7.2954960475199402e+10
59 6 0 1.5000 0.5000 0.0800 9.0432103800809520e+04
59 6 0 1.5000 0.5000 0.0800 1.5590291913595650e+05
59 6 0 1.5000 0.5000 0.2800 8.6401985028579514e+10
59 6 0 1.5000 0.5000 0.2800 2.3210019138033576e+02
59 6 0 1.5000 0.5000 0.2800 5.0777050743049591e+10
59 6 0 1.5000 0.5000 0.2800 3.5196624051299334e+09
59 6 0 1.5000 0.5000 0.2800 9.4729494819187879e+04
59 6 0 1.5000 0.5000 0.7000 7.1265084616760927e+04
59 6 0 1.5000 0.5000 0.7000 1.9508260167136299e+05
59 6 0 1.5000 0.5000 0.7000 4.2534645064698117e+04
59 6 0 1.5000 0.5000 0.7000 5.9836863550653236e+10
59 6 0 1.5000 0.5000 0.7000 4.2247607837193995e+04
59 6 0 1.5000 0.5000 0.2500 2.1187902124204899e+02
59 6 0 1.5000 0.5000 0.2500 9.1433669904744107e+04
59 6 0 1.5000 0.5000 0.2500 6.6318448951495810e+01
59 6 0 1.5000 0.5000 0.2500 8.3289576875110390e+04
59 6 0 1.5000 0.5000 0.2500 3.1194659706113689e+03
59 6 0 1.5000 0.5000 0.5400 1.0088542337234323e+05
59 6 0 1.5000 0.5000 0.5400 8.7317289150183669e+01
59 6 0 1.5000 0.5000 0.5400 1.6127919217172236e+09
59 6 0 1.5000 0.5000 0.5400 3.6555710263198773e+04
59 6 0 1.5000 0.5000 0.5400 2.3523943362241863e+02
59 6 0 1.5000 0.5000 0.2600 1.0751727939266003e+05
59 6 0 1.5000 0.5000 0.2600 6.6318448951495810e+01
59 6 0 1.5000 0.5000 0.2600 2.2845178885279975e+02
59 6 0 1.5000 0.5000 0.2600 1.9508260167136299e+05
59 6 0 1.5000 0.5000 0.2600 4.5657295434303844e+04
59 6 0 1.5000 0.5000 0.4000 1.0472667948153663e+06
59 6 0 1.5000 0.5000 0.4000 2.7377526129862446e+04
59 6 0 1.5000 0.5000 0.4000 2.5922663959633502e+02
59 6 0 1.5000 0.5000 0.4000 3.5185811167577372e+09
59 6 0 1.5000 0.5000 0.4000 7.0498527703629279e+01
21 0 1 1.7500 1.2500 0.2700 7.9557223961206357e+04
21 0 1 1.7500 1.2500 0.2700 1.6934242601529868e+02
21 0 1 1.7500 1.2500 0.2700 2.7916365254481371e+02
21 0 1 1.7500 1.2500 0.2700 5.4838475973246722e+06
21 3 1 1.7500 1.2500 0.2700 8.9239501644918457e+10
40 2 1 2.0000 0.2500 0.5400 2.3103059700429694e+02
40 2 1 2.0000 0.2500 0.5400 2.3729169585516308e+02
40 2 1 2.0000 0.2500 0.5400 8.9713431593109723e+04
40 2 1 2.0000 0.2500 0.5400 8.3186009715750642e+03
40 2 1 2.0000 0.2500 0.5400 4.2410030101944649e+04
97 2 2 1.5000 1.0000 0.1800 1.7526163636225713e+03
97 2 2 1.5000 1.0000 0.1800 9.6922626575447721e+04
97 2 2 1.5000 1.0000 0.1800 5.9646218151998561e+04
97 2 2 1.5000 1.0000 0.1800 1.1569169674743542e+04
97 2 2 1.5000 1.0000 0.1800 9.6865392231268299e+04
135 6 2 1.0000 1.2500 0.0000 2.2282124220046362e+02
135 6 2 1.0000 1.2500 0.0000 1.4758483297138926e+04
135 6 2 1.0000 1.2500 0.0000 1.6781315394926248e+03
135 6 2 1.0000 1.2500 0.0000 1.2832668697145832e+02
135 6 2 1.0000 1.2500 0.0000 2.9676693304352484e+09
2 0 0 1.2500 2.5000 0.9000 1.2342285639195364e+02
2 0 0 1.2500 2.5000 0.9000 1.7042833820690486e+09
2 0 0 1.2500 2.5000 0.9000 5.2123460257051142e+04
2 0 0 1.2500 2.5000 0.9000 1.3777346924286761e+11
2 0 0 1.2500 2.5000 0.9000 1.8838272735574815e+05
78 0 0 0.5000 1.5000 0.3600 3.7443527451536138e+04
78 0 0 0.5000 1.5000 0.3600 2.0214110433509762e+10
40 2 1 2.0000 0.2500 0.5400 2.3103059700429694e+02
40 2 1 2.0000 0.2500 0.5400 2.3729169585516308e+02
40 2 1 2.0000 0.2500 0.5400 8.9713431593109723e+04
40 2 1 2.0000 0.2500 0.5400 8.3186009715750642e+03
40 2 1 2.0000 0.2500 0.5400 4.2410030101944649e+04
97 2 2 1.5000 1.0000 0.1800 1.7526163636225713e+03
97 2 2 1.5000 1.0000 0.1800 9.6922626575447721e+04
97 2 2 1.5000 1.0000 0.1800 5.9646218151998561e+04
97 2 2 1.5000 1.0000 0.1800 1.1569169674743542e+04
97 2 2 1.5000 1.0000 0.1800 9.6865392231268299e+04
135 6 2 1.0000 1.2500 0.0000 2.2282124220046362e+02
135 6 2 1.0000 1.2500 0.0000 1.4758483297138926e+04
135 6 2 1.0000 1.2500 0.0000 1.6781315394926248e+03
135 6 2 1.0000 1.2500 0.0000 1.2832668697145832e+02
135 6 2 1.0000 1.2500 0.0000 2.9676693304352484e+09
2 0 0 1.2500 2.5000 0.9000 1.2342285639195364e+02
2 0 0 1.2500 2.5000 0.9000 1.7042833820690486e+09
2 0 0 1.2500 2.5000 0.9000 5.2123460257051142e+04
2 0 0 1.2500 2.5000 0.9000 1.3777346924286761e+11
2 0 0 1.2500 2.5000 0.9000 1.8838272735574815e+05
78 0 0 0.5000 1.5000 0.3600 3.7443527451536138e+04
78 0 0 0.5000 1.5000 0.3600 2.0214110433509762e+10
78 0 0 0.5000 1.5000 0.3600 2.3433596816440415e+04
78 0 0 0.5000 1.5000 0.3600 2.1736070014041740e+01
78 0 0 0.5000 1.5000 0.3600 1.3784673116127507e+02
200 5 2 2.5000 0.5000 0.6300 1.4538376866046088e+09
40 2 1 2.0000 0.2500 0.5400 2.3103059700429694e+02
40 2 1 2.0000 0.2500 0.5400 2.3729169585516308e+02
40 2 1 2.0000 0.2500 0.5400 8.9713431593109723e+04
40 2 1 2.0000 0.2500 0.5400 8.3186009715750642e+03
40 2 1 2.0000 0.2500 0.5400 4.2410030101944649e+04
97 2 2 1.5000 1.0000 0.1800 1.7526163636225713e+03
97 2 2 1.5000 1.0000 0.1800 9.6922626575447721e+04
97 2 2 1.5000 1.0000 0.1800 5.9646218151998561e+04
97 2 2 1.5000 1.0000 0.1800 1.1569169674743542e+04
97 2 2 1.5000 1.0000 0.1800 9.6865392231268299e+04
135 6 2 1.0000 1.2500 0.0000 2.2282124220046362e+02
135 6 2 1.0000 1.2500 0.0000 1.4758483297138926e+04
135 6 2 1.0000 1.2500 0.0000 1.6781315394926248e+03
135 6 2 1.0000 1.2500 0.0000 1.2832668697145832e+02
135 6 2 1.0000 1.2500 0.0000 2.9676693304352484e+09
2 0 0 1.2500 2.5000 0.9000 1.2342285639195364e+02
2 0 0 1.2500 2.5000 0.9000 1.7042833820690486e+09
40 2 1 2.0000 0.2500 0.5400 2.3103059700429694e+02
40 2 1 2.0000 0.2500 0.5400 2.3729169585516308e+02
40 2 1 2.0000 0.2500 0.5400 8.9713431593109723e+04
40 2 1 2.0000 0.2500 0.5400 8.3186009715750642e+03
40 2 1 2.0000 0.2500 0.5400 4.2410030101944649e+04
97 2 2 1.5000 1.0000 0.1800 1.7526163636225713e+03
97 2 2 1.5000 1.0000 0.1800 9.6922626575447721e+04
97 2 2 1.5000 1.0000 0.1800 5.9646218151998561e+04
97 2 2 1.5000 1.0000 0.1800 1.1569169674743542e+04
97 2 2 1.5000 1.0000 0.1800 9.6865392231268299e+04
135 6 2 1.0000 1.2500 0.0000 2.2282124220046362e+02
135 6 2 1.0000 1.2500 0.0000 1.4758483297138926e+04
135 6 2 1.0000 1.2500 0.0000 1.6781315394926248e+03
135 6 2 1.0000 1.2500 0.0000 1.2832668697145832e+02
135 6 2 1.0000 1.2500 0.0000 2.9676693304352484e+09
2 0 0 1.2500 2.5000 0.9000 1.2342285639195364e+02
2 0 0 1.2500 2.5000 0.9000 1.7042833820690486e+09
2 0 0 1.2500 2.5000 0.9000 5.2123460257051142e+04
2 0 0 1.2500 2.5000 0.9000 1.3777346924286761e+11
2 0 0 1.2500 2.5000 0.9000 1.8838272735574815e+05
78 0 0 0.5000 1.5000 0.3600 3.7443527451536138e+04
78 0 0 0.5000 1.5000 0.3600 2.0214110433509762e+10
78 0 0 0.5000 1.5000 0.3600 2.3433596816440415e+04
78 0 0 0.5000 1.5000 0.3600 2.1736070014041740e+01
78 0 0 0.5000 1.5000 0.3600 1.3784673116127507e+02
200 5 2 2.5000 0.5000 0.6300 1.4538376866046088e+09
200 5 2 2.5000 0.5000 0.6300 6.5065487042046684e+10
200 5 2 2.5000 0.5000 0.6300 7.0150307073248718e+10
200 5 2 2.5000 0.5000 0.6300 8.7491481434153931e+04
200 5 2 2.5000 0.5000 0.6300 2.0637902305766263e+09
21 1 0 0.7500 0.7500 0.7200 6.3937690431540204e+01
21 1 0 0.7500 0.7500 0.7200 3.0674187407524114e+04
21 1 0 0.7500 0.7500 0.7200 1.2799146656136542e+11
21 1 0 0.7500 0.7500 0.7200 5.0542184546940480e+04
21 1 0 0.7500 0.7500 0.7200 1.1127589673818474e+02
59 1 1 1.7500 0.0000 0.2700 7.2230639770880386e+10
59 1 1 1.7500 0.0000 0.2700 8.4932101406197575e+01
59 1 1 1.7500 0.0000 0.2700 1.4617170945728594e+02
59 1 1 1.7500 0.0000 0.2700 9.9762361268749635e+04
59 1 1 1.7500 0.0000 0.2700 4.2001228416780936e+02
116 3 1 0.0000 2.0000 0.4500 2.0417045008640274e+04
116 3 1 0.0000 2.0000 0.4500 1.1876210536789486e+03
116 3 1 0.0000 2.0000 0.4500 1.4169414402332413e+03
116 3 1 0.0000 2.0000 0.4500 2.1676235338796607e+02
116 3 1 0.0000 2.0000 0.4500 1.8866150265594275e+09
154 4 0 0.2500 1.7500 0.0900 3.2609246566330119e+04
154 4 0 0.2500 1.7500 0.0900 8.8465985362243430e+01
154 4 0 0.2500 1.7500 0.0900 2.2424202084060906e+02
154 4 0 0.2500 1.7500 0.0900 1.1182982374048905e+05
154 4 0 0.2500 1.7500 0.0900 3.3766009813224700e+04
59 6 0 1.5000 0.5000 0.4500 2.5025085931367779e+09
59 6 0 1.5000 0.5000 0.4500 2.3210019138033576e+02
59 6 0 1.5000 0.5000 0.4500 3.6555710263198773e+04
59 6 0 1.5000 0.5000 0.4500 9.6766084540425800e+04
59 6 0 1.5000 0.5000 0.4500 2.7377526129862446e+04
59 6 0 1.5000 0.5000 0.8200 2.4548645214419773e+02
59 6 0 1.5000 0.5000 0.8200 8.0848491046397690e+10
59 6 0 1.5000 0.5000 0.8200 9.2089855120399278e+01
59 6 0 1.5000 0.5000 0.8200 1.9978775112033512e+04
59 6 0 1.5000 0.5000 0.8200 1.0075232803644319e+02
59 6 0 1.5000 0.5000 0.8900 4.2247607837193995e+04
59 6 0 1.5000 0.5000 0.8900 1.5581660158849577e+03
59 6 0 1.5000 0.5000 0.8900 2.3254120210346251e+09
59 6 0 1.5000 0.5000 0.8900 7.0423828313888687e+10
59 6 0 1.5000 0.5000 0.8900 3.3634197916778625e+05
59 6 0 1.5000 0.5000 0.3300 1.5737130342273986e+03
59 6 0 1.5000 0.5000 0.3300 8.2867341703685028e+10
59 6 0 1.5000 0.5000 0.3300 1.1900470126991264e+02
59 6 0 1.5000 0.5000 0.3300 1.1680965360267812e+04
59 6 0 1.5000 0.5000 0.3300 1.5120726424102878e+05
59 6 0 1.5000 0.5000 0.0800 8.8509604445958408e+04
59 6 0 1.5000 0.5000 0.0800 2.5417066202550487e+02
59 6 0 1.5000 0.5000 0.0800 7.2954960475199402e+10
59 6 0 1.5000 0.5000 0.0800 9.0432103800809520e+04
59 6 0 1.5000 0.5000 0.0800 1.5590291913595650e+05
59 6 0 1.5000 0.5000 0.2800 8.6401985028579514e+10
59 6 0 1.5000 0.5000 0.2800 2.3210019138033576e+02
59 6 0 1.5000 0.5000 0.2800 5.0777050743049591e+10
59 6 0 1.5000 0.5000 0.2800 3.5196624051299334e+09
59 6 0 1.5000 0.5000 0.2800 9.4729494819187879e+04
59 6 0 1.5000 0.5000 0.7000 7.1265084616760927e+04
59 6 0 1.5000 0.5000 0.7000 1.9508260167136299e+05
59 6 0 1.5000 0.5000 0.7000 4.2534645064698117e+04
59 6 0 1.5000 0.5000 0.7000 5.9836863550653236e+10
59 6 0 1.5000 0.5000 0.7000 4.2247607837193995e+04
59 6 0 1.5000 0.5000 0.2500 2.1187902124204899e+02
59 6 0 1.5000 0.5000 0.2500 9.1433669904744107e+04
59 6 0 1.5000 0.5000 0.2500 6.6318448951495810e+01
59 6 0 1.5000 0.5000 0.2500 8.3289576875110390e+04
59 6 0 1.5000 0.5000 0.2500 3.1194659706113689e+03
59 6 0 1.5000 0.5000 0.5400 1.0088542337234323e+05
59 6 0 1.5000 0.5000 0.5400 8.7317289150183669e+01
59 6 0 1.5000 0.5000 0.5400 1.6127919217172236e+09
59 6 0 1.5000 0.5000 0.5400 3.6555710263198773e+04
59 6 0 1.5000 0.5000 0.5400 2.3523943362241863e+02
59 6 0 1.5000 0.5000 0.2600 1.0751727939266003e+05
59 6 0 1.5000 0.5000 0.2600 6.6318448951495810e+01
59 6 0 1.5000 0.5000 0.2600 2.2845178885279975e+02
59 6 0 1.5000 0.5000 0.2600 1.9508260167136299e+05
59 6 0 1.5000 0.5000 0.2600 4.5657295434303844e+04
59 6 0 1.5000 0.5000 0.4000 1.0472667948153663e+06
59 6 0 1.5000 0.5000 0.4000 2.7377526129862446e+04
59 6 0 1.5000 0.5000 0.4000 2.5922663959633502e+02
59 6 0 1.5000 0.5000 0.4000 3.5185811167577372e+09
59 6 0 1.5000 0.5000 0.4000 7.0498527703629279e+01
21 0 1 1.7500 1.2500 0.2700 7.9557223961206357e+04
21 0 1 1.7500 1.2500 0.2700 1.8462468819050095e+05
21 0 1 1.7500 1.2500 0.2700 1.6934242601529868e+02
21 0 1 1.7500 1.2500 0.2700 2.7916365254481371e+02
21 0 1 1.7500 1.2500 0.2700 5.4838475973246722e+06
21 3 1 1.7500 1.2500 0.2700 8.9239501644918457e+10
21 3 1 1.7500 1.2500 0.2700 5.8178257589944172e+09
21 3 1 1.7500 1.2500 0.2700 9.1610348972411217e+01
21 3 1 1.7500 1.2500 0.2700 2.7190588092552400e+02
21 3 1 1.7500 1.2500 0.2700 7.4715143779559398e+01
21 4 1 1.7500 1.2500 0.2700 3.1772594809085337e+01
21 4 1 1.7500 1.2500 0.2700 2.1454600751394532e+09
21 4 1 1.7500 1.2500 0.2700 3.0182813016986061e+03
21 4 1 1.7500 1.2500 0.2700 8.3891571772447776e+01
21 4 1 1.7500 1.2500 0.2700 7.4082001525514272e+01
21 1 1 1.7500 1.2500 0.2700 2.7998948670497797e+06
21 1 1 1.7500 1.2500 0.2700 2.6297100648628293e+02
21 1 1 1.7500 1.2500 0.2700 2.6544603243124556e+02
21 1 1 1.7500 1.2500 0.2700 9.5511766567555742e+02
21 1 1 1.7500 1.2500 0.2700 1.9266885810447123e+09
21 3 1 1.7500 1.2500 0.2700 1.0616531601513860e+04
21 3 1 1.7500 1.2500 0.2700 2.1076774930727743e+02
21 3 1 1.7500 1.2500 0.2700 2.2977922903328821e+01
21 3 1 1.7500 1.2500 0.2700 2.8296055756880097e+01
21 3 1 1.7500 1.2500 0.2700 7.9940635423315842e+10
21 5 1 1.7500 1.2500 0.2700 4.0455112916735430e+04
21 5 1 1.7500 1.2500 0.2700 2.7620603123098507e+09
21 5 1 1.7500 1.2500 0.2700 4.5998015049399590e+04
21 5 1 1.7500 1.2500 0.2700 2.4823810592426993e+06
21 5 1 1.7500 1.2500 0.2700 2.4431802985224738e+02
21 2 1 1.7500 1.2500 0.2700 8.3602644928043475e+04
21 2 1 1.7500 1.2500 0.2700 2.5521352446825810e+02
21 2 1 1.7500 1.2500 0.2700 9.8379386595951510e+04
21 2 1 1.7500 1.2500 0.2700 1.0885661702827331e+05
21 2 1 1.7500 1.2500 0.2700 3.6798973214864374e+04
21 5 1 1.7500 1.2500 0.2700 2.7676217261812649e+01
21 5 1 1.7500 1.2500 0.2700 2.5032919583730960e+09
21 5 1 1.7500 1.2500 0.2700 1.4414254777494602e+09
21 5 1 1.7500 1.2500 0.2700 2.3238324497619041e+02
21 5 1 1.7500 1.2500 0.2700 2.5388403065702184e+02
2 0 0 1.7500 2.5000 0.0000 2.3847148683723756e+01
2 0 0 1.7500 2.5000 0.0000 2.2000629660153791e+01
2 0 0 1.7500 2.5000 0.0000 3.2641339126597364e+02
2 0 0 1.7500 2.5000 0.0000 2.9645048211109071e+02
2 0 0 1.7500 2.5000 0.0000 5.5268384149066124e+09
2 3 0 1.7500 2.5000 0.0000 1.1755424065346729e+10
2 3 0 1.7500 2.5000 0.0000 1.2258882813917400e+11
2 3 0 1.7500 2.5000 0.0000 6.9237475828555669e+05
2 3 0 1.7500 2.5000 0.0000 1.9540458565805579e+11
2 3 0 1.7500 2.5000 0.0000 1.6755008998385243e+05
2 1 0 1.7500 2.5000 0.0000 3.9581701337478909e+09
2 1 0 1.7500 2.5000 0.0000 1.4995044319930075e+11
2 1 0 1.7500 2.5000 0.0000 7.5701660210188114e+04
2 1 0 1.7500 2.5000 0.0000 2.7285544455478835e+05
2 1 0 1.7500 2.5000 0.0000 1.7437915903532611e+11
2 2 0 1.7500 2.5000 0.0000 3.4131576600751663e+02
2 2 0 1.7500 2.5000 0.0000 8.3330263035717129e+04
2 2 0 1.7500 2.5000 0.0000 1.3583521164777437e+02
2 2 0 1.7500 2.5000 0.0000 1.8480456395202299e+05
2 2 0 1.7500 2.5000 0.0000 2.0690517127465228e+01
2 3 0 1.7500 2.5000 0.0000 4.0252815429096586e+02
2 3 0 1.7500 2.5000 0.0000 1.7161249744161502e+16
2 3 0 1.7500 2.5000 0.0000 1.0050540887055206e+05
2 3 0 1.7500 2.5000 0.0000 1.0006588434465230e+05
2 3 0 1.7500 2.5000 0.0000 3.5373134680495252e+02
2 2 0 1.7500 2.5000 0.0000 2.3010791576710602e+11
2 2 0 1.7500 2.5000 0.0000 1.2189121492863785e+11
2 2 0 1.7500 2.5000 0.0000 2.2627141649516404e+07
2 2 0 1.7500 2.5000 0.0000 2.7421675044792186e+05
2 2 0 1.7500 2.5000 0.0000 2.5102382435621486e+01
2 2 0 1.7500 2.5000 0.0000 5.4135178208960162e+04
2 2 0 1.7500 2.5000 0.0000 1.2468299931841263e+11
2 2 0 1.7500 2.5000 0.0000 1.9103379010668147e+09
2 2 0 1.7500 2.5000 0.0000 1.8567396062231850e+05
2 2 0 1.7500 2.5000 0.0000 2.0690517127465228e+01
200 1 1 1.7500 2.5000 0.4500 9.2784601667287989e+03
200 1 1 1.7500 2.5000 0.4500 2.4125393777779121e+09
200 1 1 1.7500 2.5000 0.4500 3.6944809819318180e+04
200 1 1 1.7500 2.5000 0.4500 6.8420058489057144e+10
200 1 1 1.7500 2.5000 0.4500 1.0119775060033594e+05
200 1 1 1.7500 2.5000 0.1600 8.2533427727202114e+04
200 1 1 1.7500 2.5000 0.1600 2.1165910806933820e+02
200 1 1 1.7500 2.5000 0.1600 3.4946512097404353e+04
200 1 1 1.7500 2.5000 0.1600 6.2489355157164930e+01
200 1 1 1.7500 2.5000 0.1600 2.4395098863299978e+02
200 1 1 1.7500 2.5000 0.7000 2.1801559421901398e+09
200 1 1 1.7500 2.5000 0.7000 6.3447239466882792e+01
200 1 1 1.7500 2.5000 0.7000 2.3211968865896415e+02
200 1 1 1.7500 2.5000 0.7000 4.0301454046705912e+04
200 1 1 1.7500 2.5000 0.7000 1.1571495751210548e+05
200 1 1 1.7500 2.5000 0.5800 1.2960817061710935e+04
200 1 1 1.7500 2.5000 0.5800 1.0453265923215989e+05
200 1 1 1.7500 2.5000 0.5800 7.6798296574757643e+01
200 1 1 1.7500 2.5000 0.5800 8.0421389409208047e+01
200 1 1 1.7500 2.5000 0.5800 1.0494218313897531e+04
200 1 1 1.7500 2.5000 0.8300 1.0393265681917660e+03
200 1 1 1.7500 2.5000 0.8300 4.0301454046705912e+04
200 1 1 1.7500 2.5000 0.8300 7.9225915670243063e+04
200 1 1 1.7500 2.5000 0.8300 2.4190143373589291e+02
200 1 1 1.7500 2.5000 0.8300 8.8143287322952676e+02
200 1 1 1.7500 2.5000 0.8900 7.4671187603459885e+10
200 1 1 1.7500 2.5000 0.8900 6.3652543313254611e+01
200 1 1 1.7500 2.5000 0.8900 2.1057381578859042e+02
200 1 1 1.7500 2.5000 0.8900 6.7667184354767494e+10
200 1 1 1.7500 2.5000 0.8900 1.0556169436362088e+03
200 1 1 1.7500 2.5000 0.6500 7.1309124854007862e+01
200 1 1 1.7500 2.5000 0.6500 3.6615061750003457e+04
200 1 1 1.7500 2.5000 0.6500 9.0034630489871020e+01
200 1 1 1.7500 2.5000 0.6500 1.0556169436362088e+03
200 1 1 1.7500 2.5000 0.6500 7.6718149793257721e+10
200 1 1 1.7500 2.5000 0.1400 7.0415717156667788e+03
200 1 1 1.7500 2.5000 0.1400 1.1332151155804799e+05
200 1 1 1.7500 2.5000 0.1400 9.5270876195653618e+04
200 1 1 1.7500 2.5000 0.1400 3.6615061750003457e+04
200 1 1 1.7500 2.5000 0.1400 9.0451869582576146e+03
200 1 1 1.7500 2.5000 0.4000 7.0487631205339073e+02
200 1 1 1.7500 2.5000 0.4000 1.1667096404672855e+05
200 1 1 1.7500 2.5000 0.4000 3.4946512097404353e+04
200 1 1 1.7500 2.5000 0.4000 1.1417257031399056e+04
200 1 1 1.7500 2.5000 0.4000 1.9226352949783781e+09
200 1 1 1.7500 2.5000 0.2900 1.0061818314077507e+05
200 1 1 1.7500 2.5000 0.2900 2.1801559421901398e+09
200 1 1 1.7500 2.5000 0.2900 6.4578253196740206e+01
200 1 1 1.7500 2.5000 0.2900 1.1342428404659777e+04
200 1 1 1.7500 2.5000 0.2900 6.4464709554216352e+03
200 1 1 1.7500 2.5000 0.1500 8.9470902570928505e+04
200 1 1 1.7500 2.5000 0.1500 6.2489355157164930e+01
200 1 1 1.7500 2.5000 0.1500 2.4922852185969350e+02
200 1 1 1.7500 2.5000 0.1500 2.1589875411751245e+02
200 1 1 1.7500 2.5000 0.1500 3.6080551452368258e+04
116 6 1 0.0000 0.5000 0.7200 2.2544556782572658e+02
116 6 1 0.0000 0.5000 0.7200 2.6396459352481389e+09
116 6 1 0.0000 0.5000 0.7200 3.9901108568462048e+04
116 6 1 0.0000 0.5000 0.7200 9.0474500541853209e+04
116 6 1 0.0000 0.5000 0.7200 1.9078098267104863e+02
40 2 1 2.0000 0.2500 0.5400 2.3103059700429694e+02
40 2 1 2.0000 0.2500 0.5400 2.3729169585516308e+02
40 2 1 2.0000 0.2500 0.5400 8.9713431593109723e+04
40 2 1 2.0000 0.2500 0.5400 8.3186009715750642e+03
40 2 1 2.0000 0.2500 0.5400 4.2410030101944649e+04
97 2 2 1.5000 1.0000 0.1800 1.7526163636225713e+03
97 2 2 1.5000 1.0000 0.1800 9.6922626575447721e+04
97 2 2 1.5000 1.0000 0.1800 5.9646218151998561e+04
97 2 2 1.5000 1.0000 0.1800 1.1569169674743542e+04
97 2 2 1.5000 1.0000 0.1800 9.6865392231268299e+04
135 6 2 1.0000 1.2500 0.0000 2.2282124220046362e+02
135 6 2 1.0000 1.2500 0.0000 1.4758483297138926e+04
135 6 2 1.0000 1.2500 0.0000 1.6781315394926248e+03
135 6 2 1.0000 1.2500 0.0000 1.2832668697145832e+02
135 6 2 1.0000 1.2500 0.0000 2.9676693304352484e+09
2 0 0 1.2500 2.5000 0.9000 1.2342285639195364e+02
2 0 0 1.2500 2.5000 0.9000 1.7042833820690486e+09
2 0 0 1.2500 2.5000 0.9000 5.2123460257051142e+04
2 0 0 1.2500 2.5000 0.9000 1.3777346924286761e+11
2 0 0 1.2500 2.5000 0.9000 1.8838272735574815e+05
78 0 0 0.5000 1.5000 0.3600 3.7443527451536138e+04
78 0 0 0.5000 1.5000 0.3600 2.0214110433509762e+10
78 0 0 0.5000 1.5000 0.3600 2.3433596816440415e+04
78 0 0 0.5000 1.5000 0.3600 2.1736070014041740e+01
78 0 0 0.5000 1.5000 0.3600 1.3784673116127507e+02
200 5 2 2.5000 0.5000 0.6300 1.4538376866046088e+09
200 5 2 2.5000 0.5000 0.6300 6.5065487042046684e+10
200 5 2 2.5000 0.5000 0.6300 7.0150307073248718e+10
200 5 2 2.5000 0.5000 0.6300 8.7491481434153931e+04
200 5 2 2.5000 0.5000 0.6300 2.0637902305766263e+09
21 1 0 0.7500 0.7500 0.7200 6.3937690431540204e+01
21 1 0 0.7500 0.7500 0.7200 3.0674187407524114e+04
21 1 0 0.7500 0.7500 0.7200 1.2799146656136542e+11
21 1 0 0.7500 0.7500 0.7200 5.0542184546940480e+04
21 1 0 0.7500 0.7500 0.7200 1.1127589673818474e+02
59 1 1 1.7500 0.0000 0.2700 7.2230639770880386e+10
59 1 1 1.7500 0.0000 0.2700 8.4932101406197575e+01
40 2 1 2.0000 0.2500 0.5400 231.030597
40 2 1 2.0000 0.2500 0.5400 237.291696
40 2 1 2.0000 0.2500 0.5400 89713.431593
40 2 1 2.0000 0.2500 0.5400 8318.600972
40 2 1 2.0000 0.2500 0.5400 42410.030102
97 2 2 1.5000 1.0000 0.1800 1752.616364
97 2 2 1.5000 1.0000 0.1800 96922.626575
97 2 2 1.5000 1.0000 0.1800 59646.218152
97 2 2 1.5000 1.0000 0.1800 11569.169675
97 2 2 1.5000 1.0000 0.1800 96865.392231
135 6 2 1.0000 1.2500 0.0000 222.821242
135 6 2 1.0000 1.2500 0.0000 14758.483297
135 6 2 1.0000 1.2500 0.0000 1678.131539
135 6 2 1.0000 1.2500 0.0000 128.326687
135 6 2 1.0000 1.2500 0.0000 2967669330.435248
2 0 0 1.2500 2.5000 0.9000 123.422856
2 0 0 1.2500 2.5000 0.9000 1704283382.069049
2 0 0 1.2500 2.5000 0.9000 52123.460257
2 0 0 1.2500 2.5000 0.9000 137773469242.867615
2 0 0 1.2500 2.5000 0.9000 188382.727356
78 0 0 0.5000 1.5000 0.3600 37443.527452
78 0 0 0.5000 1.5000 0.3600 20214110433.509762
78 0 0 0.5000 1.5000 0.3600 23433.596816
78 0 0 0.5000 1.5000 0.3600 21.736070
78 0 0 0.5000 1.5000 0.3600 137.846731
200 5 2 2.5000 0.5000 0.6300 1453837686.604609
200 5 2 2.5000 0.5000 0.6300 65065487042.046684
200 5 2 2.5000 0.5000 0.6300 70150307073.248718
200 5 2 2.5000 0.5000 0.6300 87491.481434
200 5 2 2.5000 0.5000 0.6300 2063790230.576626
21 1 0 0.7500 0.7500 0.7200 63.937690
21 1 0 0.7500 0.7500 0.7200 30674.187408
21 1 0 0.7500 0.7500 0.7200 127991466561.365417
21 1 0 0.7500 0.7500 0.7200 50542.184547
21 1 0 0.7500 0.7500 0.7200 111.275897
59 1 1 1.7500 0.0000 0.2700 72230639770.880386
59 1 1 1.7500 0.0000 0.2700 84.932101
59 1 1 1.7500 0.0000 0.2700 146.171709
59 1 1 1.7500 0.0000 0.2700 99762.361269
59 1 1 1.7500 0.0000 0.2700 420.012284
116 3 1 0.0000 2.0000 0.4500 20417.045009
